;
1111111111111111111111
1000000000000000000001
1000000000000000000001
1000000000000000000001
1000000000000000000001
1000000000000000000001
1000000000000000000001
1000000000000000000001
1000000000000000000001
1000000000000000000001
1000000000000000000001
1000000000000000000001
1000000000000000000001
1000000000000000000001
1000000000000000000001
1000000000000000000001
1000000000000000000001
1000000000000000000001
1000000000000000000001
1000000000000000000001
1000000000000000000001
1111111111111111111111
;
abcdefghijklmnopqrstuvwxyz 10000000
veryLongUsername.txt 99999
a 123456
dddddddddddddddddddddddddddddddddddd 15000
;
